[ScanParameters]
scantype = 0
mot1start = 100.000000
mot1end = 150.000000
mot1step = 6
mot1movementtype = 0
mot2start = 200.000000
mot2end = 204.000000
mot2step = 2
acqtime = 10.000000
acqcount = 2
filenameprefix = img_diffrac5_
localsavepath = R:\HS\difftest

