[ScanParameters]
scantype = 0
mot1start = 100.000000
mot1end = 150.000000
mot1step = 5
mot1movementtype = 0
mot2start = 200.000000
mot2end = 204.000000
mot2step = 2
acqtime = 5.000000
acqcount = 1
filenameprefix = img_diffrac7_
localsavepath = R:\HS\difftest

