[ScanParameters]
scantype = 0
mot1start = 140.000000
mot1end = 150.000000
mot1step = 21
mot1movementtype = 0
mot2start = 145.000000
mot2end = 150.000000
mot2step = 26
acqtime = 10.000000
acqcount = 1
filenameprefix = sample2_vline2_
localsavepath = R:\HS\difftest\sample2

